2 26 0
26 21 72
42 11 97
22 2 112
8 20 125
41 11 132
39 3 141
41 44 151
38 20 156
33 40 165
17 34 170
42 41 176
38 11 179
12 6 183
11 3 186
45 44 190
34 35 193
37 44 194
5 12 198
13 4 199
21 4 204
20 3 206
18 42 208
9 3 213
17 42 214
38 8 217
14 43 218
33 44 220
22 27 222
37 29 224
25 0 227
45 12 229
0 30 231
42 23 233
28 11 234
4 19 237
12 3 239
20 2 242
34 34 244
7 19 248
45 29 249
19 44 251
20 0 252
0 22 255
13 20 258
19 2 259
26 42 262
8 14 264
39 6 266
7 14 268
3 8 271
25 18 273
40 25 274
33 24 277
28 19 278
39 9 279
26 12 280
45 9 283
14 44 285
8 19 287
24 27 290
35 2 292
48 17 294
35 34 296
8 24 298
35 11 299
40 29 301
8 15 302
4 6 304
22 42 306
40 44 309
36 11 310
14 6 312
9 2 314
15 34 316
39 29 318
8 27 321
37 11 323
28 14 327
38 32 330
41 25 332
40 12 334
4 11 337
17 44 339
35 12 342
19 0 346
36 41 348
39 44 350
4 15 352
38 15 354
20 6 356
32 27 360
16 3 363
45 26 367
32 25 369
15 2 372
16 2 379
18 44 382
43 26 386
38 44 389
3 23 396
26 9 401