69 150 0
33 102 275
69 152 289
72 152 296
69 153 302
72 153 305
33 105 312
48 145 315
68 150 321
72 150 323
72 160 326
60 101 330
32 102 332
33 101 334
33 104 336
47 145 339
48 146 341
53 149 344
54 149 345
72 149 348
72 161 350
193 160 351
193 159 352
193 157 354
193 156 356
193 153 358
186 28 360
32 101 361
47 146 362
70 148 364
193 152 366
184 31 367
185 31 370
185 28 370
59 101 372
82 144 372
30 102 374
32 104 376
32 105 377
45 145 379
52 149 380
53 146 381
57 150 382
67 150 383
69 148 384
72 148 385
68 152 387
68 153 388
72 159 390
69 160 390
72 163 391
193 161 393
192 157 393
193 155 395
196 156 396
177 102 397
176 102 398
197 60 399
197 38 400
187 31 401
59 99 401
60 99 402
83 144 403
29 102 404
29 104 406
29 105 406
30 101 407
30 104 408
30 105 409
34 102 410
35 102 410
33 106 411
33 107 412
33 108 412
33 109 413
33 110 413
33 111 414
33 112 415
33 113 415
33 114 416
33 115 417
33 116 418
33 117 418
33 118 419
33 119 419
33 120 420
33 121 421
33 122 421
33 123 422
33 124 422
44 142 423
45 142 423
47 142 424
48 142 424
44 143 425
45 143 425
47 143 426
48 143 427
44 145 427
45 146 428
48 149 428
49 145 429
49 146 429
49 149 430
50 145 430
50 146 430
50 149 431
51 145 431
51 146 432
51 149 432
52 145 432
52 146 433
53 145 433
54 146 434
55 146 434
56 150 435
58 150 435
59 150 436
60 150 437
61 150 437
62 150 438
63 150 438
64 150 439
65 150 439
66 150 439
69 154 440
72 154 440
69 155 441
72 155 441
69 156 442
72 156 442
69 157 442
72 157 443
69 158 443
72 158 444
69 159 444
69 161 444
69 162 445
72 164 445
73 160 446
73 161 446
73 163 447
73 164 447
156 190 447
157 190 448
159 190 448
160 190 448
156 189 449
157 189 449
159 189 450
160 189 450
156 187 450
157 187 451
159 187 451
160 187 452
156 186 452
157 186 452
159 186 453
160 186 453
193 162 454
192 156 454
196 157 454
196 155 455
193 154 455
196 154 455
196 153 456
192 153 456
193 150 456
194 150 457
173 102 457
174 102 458
173 101 458
174 101 458
176 101 459
177 101 459
173 99 459
174 99 460
176 99 460
177 99 460
173 98 461
174 98 461
176 98 462
177 98 462
174 72 462
175 72 463
177 72 463
178 72 463
174 71 464
175 71 464
177 71 464
178 71 465
174 69 465
175 69 465
177 69 466
178 69 466
174 68 466
175 68 467
177 68 467
178 68 467
197 61 467
197 59 468
197 58 468
197 57 468
197 56 469
197 55 469
197 54 469
197 53 470
197 52 470
197 51 470
197 50 471
197 49 471
197 48 471
197 47 472
197 46 472
197 45 472
197 44 473
197 43 473
197 42 473
197 41 474
197 40 474
197 39 474
197 37 475
196 35 475
184 32 475
185 32 476
187 32 476
188 32 476
188 31 477
183 29 477
183 28 477
56 98 478
57 98 478
59 98 478
60 98 479
56 99 479
57 99 479
57 101 480
57 102 480
61 101 480
62 101 480
79 118 481
80 118 481
82 118 482
83 118 482
79 119 482
80 119 483
82 119 483
83 119 483
79 121 484
80 121 484
82 121 484
83 121 484
79 122 485
80 122 485
82 122 485
83 122 485
73 148 486
73 149 486
73 150 487
73 152 487
73 153 487
29 142 487
29 143 488
29 145 488
29 146 488
30 142 488
30 143 489
30 145 489
30 146 490
32 142 490
32 143 490
32 145 491
32 146 491
33 142 491
33 143 492
33 145 492
33 146 492
109 102 493
110 102 493
112 102 493
113 102 494
109 101 494
110 101 494
112 101 495
113 101 495
109 99 495
110 99 495
112 99 496
113 99 496
109 98 496
110 98 496
112 98 497
113 98 497
133 98 497
134 98 498
136 98 498
137 98 498
133 99 498
134 99 499
136 99 499
137 99 499
133 101 500
134 101 500
136 101 500
137 101 501
133 102 501
134 102 502
136 102 502
137 102 502
134 149 503
135 149 503
137 149 503
138 149 503
134 150 504
135 150 504
137 150 504
138 150 505
134 152 505
135 152 505
137 152 505
138 152 506
134 153 506
135 153 506
137 153 506
138 153 507
3 21 507
4 17 507
8 2 507
25 2 508
29 24 508
36 28 508
36 43 508
12 47 509
9 80 509
5 84 509
5 101 510
29 101 510
34 101 510
35 101 510
37 124 511
33 125 511
33 126 511
43 128 512
44 146 512
47 149 512
54 145 512
55 145 513
56 146 513
55 150 513
70 147 513
70 163 514
98 164 514
102 169 514
124 173 514
128 195 515
156 195 515
160 182 515
167 178 515
171 172 516
186 168 516
190 165 516
190 164 516
190 162 516
190 161 517
191 161 517
192 164 517
193 163 517
195 159 518
196 158 518
196 152 518
192 152 518
193 149 518
194 149 519
193 107 519
177 103 519
178 64 519
194 60 519
195 60 520
196 63 520
197 62 520
194 38 520
195 38 521
197 36 521
196 34 521
188 34 521
187 29 521
186 27 522
185 27 522
182 29 522
182 28 522
181 12 522
157 8 523
153 7 523
89 7 523
85 57 523
65 61 523
61 87 524
60 91 524
56 101 524
56 102 524
60 103 524
60 104 525
63 102 525
64 112 525
79 116 525
82 143 525
83 143 525
81 144 526
71 190 526
53 190 526
49 188 526
41 184 526
37 170 527
32 166 527
28 163 527
18 159 527
18 150 527
19 146 528
20 146 528
22 146 528
23 146 528
64 142 528
68 122 529
109 118 529
110 83 529
125 79 529
127 58 529
150 54 529
150 43 530
147 39 530
147 32 530
196 32 530
196 68 530
137 72 531
138 186 531
192 186 531
33 149 531
2 21 531
3 20 532
4 18 532
5 17 532
7 2 532
8 1 532
25 1 532
26 2 533
28 24 533
29 25 533
36 27 533
37 28 533
37 43 533
36 44 534
12 46 534
11 47 534
10 80 534
9 81 534
5 83 535
4 84 535
4 101 535
5 102 535
34 105 535
36 102 535
36 124 536
37 125 536
43 127 536
44 128 536
46 149 536
53 148 536
54 148 536
56 148 536
57 146 537
57 148 537
54 150 537
68 148 537
69 147 537
72 147 537
69 163 538
70 164 538
98 163 538
99 164 538
101 169 538
102 170 538
124 172 538
125 173 539
127 195 539
128 196 539
156 196 539
157 195 539
159 182 539
160 181 539
167 179 540
168 178 540
170 172 540
171 171 540
186 169 540
187 168 540
189 165 540
191 162 541
192 165 541
191 160 541
193 164 541
