204 488 0
194 488 0
188 487 603
188 486 607
187 486 611
47 167 613
46 167 616
46 168 618
54 265 622
55 265 704
55 264 720
25 70 729
26 70 738
73 65 741
74 65 742
205 488 744
203 488 745
195 488 747
193 488 748
189 487 749
187 487 750
189 486 751
47 166 752
47 168 752
46 166 754
45 167 756
45 168 757
54 266 758
54 264 760
55 266 761
56 265 764
56 264 765
24 70 766
25 69 768
25 71 769
26 69 770
26 71 772
73 64 773
73 66 774
74 64 775
74 66 776
75 65 778
281 330 779
206 488 780
204 489 780
203 489 781
195 489 782
194 489 783
192 488 783
190 487 784
190 486 785
188 484 785
187 484 785
45 166 786
44 167 787
44 168 787
56 266 788
57 265 789
57 264 789
55 259 790
23 70 790
24 69 791
24 71 792
75 64 792
75 66 792
76 65 793
281 329 794
281 331 794
205 489 795
193 489 796
192 487 797
189 484 797
142 398 798
142 397 798
44 166 799
57 266 800
56 259 801
54 259 801
23 69 802
23 71 803
76 64 803
76 66 804
281 332 805
208 488 806
206 489 807
192 489 807
190 488 808
193 487 809
192 486 810
190 484 811
188 482 812
187 482 813
140 483 814
139 483 815
138 483 816
137 483 818
107 481 819
107 483 821
106 481 822
106 483 823
141 398 824
143 398 824
145 398 825
141 397 826
143 397 827
145 397 828
47 165 829
46 165 830
42 167 831
42 168 831
54 267 833
55 267 833
59 265 834
59 264 835
57 259 836
21 70 836
25 66 837
26 66 838
72 65 839
72 66 840
73 69 841
74 69 841
78 65 842
204 487 843
205 487 843
206 487 844
209 488 845
194 487 845
189 488 846
193 486 846
186 486 847
189 482 847
186 484 848
145 482 849
145 484 849
144 482 850
144 484 851
143 482 851
143 484 852
142 482 852
142 484 853
141 484 854
140 484 855
139 484 855
138 484 856
136 483 857
137 484 858
107 484 858
106 484 859
105 481 860
105 483 861
96 460 861
96 459 862
95 439 862
95 438 863
142 399 864
140 398 864
142 396 864
146 398 866
143 396 866
146 397 866
54 167 867
53 167 868
45 165 868
42 166 869
41 167 869
41 168 870
42 266 870
43 266 871
53 265 872
53 266 873
56 267 873
59 266 874
60 265 874
60 264 875
20 70 876
21 68 877
21 69 877
21 71 878
24 66 879
25 65 880
26 65 880
27 65 881
27 66 881
27 69 882
27 70 882
28 65 883
28 66 884
28 69 884
28 70 885
29 65 886
29 66 886
29 69 887
29 70 887
30 65 888
30 66 889
30 69 890
30 70 890
31 65 891
31 66 891
31 69 892
31 70 892
32 65 893
32 66 893
32 69 894
32 70 894
33 65 895
33 66 895
33 69 896
33 70 897
34 65 897
34 66 898
34 69 898
34 70 898
35 65 899
35 66 900
35 69 901
35 70 901
36 65 903
36 66 904
36 69 916
36 70 922
37 65 930
37 66 1072
37 69 1075
37 70 1076
38 65 1078
38 66 1080
38 69 1081
38 70 1083
39 65 1085
39 66 1086
39 69 1087
39 70 1088
40 65 1090
40 66 1091
40 69 1092
40 70 1094
41 65 1097
41 66 1099
41 69 1101
41 70 1103
42 65 1105
42 66 1108
42 69 1112
42 70 1115
43 65 1119
43 66 1124
43 69 1155
43 70 1170
44 65 1174
44 66 1177
44 69 1180
44 70 1186
45 65 1193
45 66 1197
45 69 1202
45 70 1206
46 65 1210
46 66 1216
46 69 1223
46 70 1227
47 65 1232
47 66 1236
47 69 1240
47 70 1246
48 65 1251
48 66 1256
48 69 1260
48 70 1268
49 65 1272
49 66 1276
49 69 1280
49 70 1288
50 65 1292
50 66 1296
50 69 1304
50 70 1308
51 65 1312
51 66 1316
51 69 1324
51 70 1328
52 65 1332
52 66 1336
52 69 1342
52 70 1348
53 65 1354
53 66 1421
53 69 1449
53 70 1456
54 65 1462
54 66 1467
54 69 1470
54 70 1473
55 65 1476
55 66 1479
55 69 1482
55 70 1485
56 65 1488
56 66 1491
56 69 1494
56 70 1496
57 65 1499
57 66 1502
57 69 1504
57 70 1507
58 65 1509
58 66 1513
58 69 1516
58 70 1519
59 65 1521
59 66 1524
59 69 1526
59 70 1530
60 65 1533
60 66 1536
60 69 1537
60 70 1539
61 65 1540
61 66 1542
61 69 1543
61 70 1545
62 65 1546
62 66 1547
62 69 1548
62 70 1549
63 65 1551
63 66 1553
63 69 1553
63 70 1555
64 65 1555
64 66 1557
64 69 1559
64 70 1560
65 65 1561
65 66 1563
65 69 1564
65 70 1566
66 65 1566
66 66 1568
66 69 1569
66 70 1570
67 65 1571
67 66 1572
67 69 1574
67 70 1576
68 65 1577
68 66 1578
68 69 1579
68 70 1581
69 65 1581
69 66 1582
69 69 1584
69 70 1585
70 65 1586
70 66 1587
70 69 1588
70 70 1590
71 65 1591
71 66 1593
71 69 1594
71 70 1595
72 69 1596
72 70 1597
73 70 1599
74 70 1602
75 69 1606
78 64 1607
78 66 1615
79 65 1616
298 161 1621
299 161 1624
300 161 1629
302 161 1637
303 161 1642
304 161 1646
298 162 1650
299 162 1658
300 162 1658
302 162 1661
303 162 1673
304 162 1678
298 163 1683
299 163 1686
300 163 1693
302 163 1697
303 163 1701
304 163 1704
298 165 1707
299 165 1714
300 165 1717
302 165 1725
303 165 1725
304 165 1728
298 166 1734
299 166 1737
300 166 1861
302 166 1864
303 166 1871
304 166 1877
298 167 1879
299 167 1881
300 167 1882
302 167 1908
303 167 1910
304 167 1912
302 260 1913
303 260 1914
304 260 1921
306 260 1922
307 260 1937
308 260 1943
302 261 1959
303 261 1960
304 261 1962
306 261 1970
307 261 1975
308 261 1978
302 262 1979
303 262 2004
304 262 2025
306 262 2026
307 262 3120
308 262 3120
302 264 3120
303 264 3120
304 264 3120
306 264 3120
307 264 3120
