128 56 0
128 57 0
130 56 415
130 57 500
128 54 533
130 54 537
128 59 539
128 53 543
127 59 595
126 57 598
128 52 603
130 53 620
126 56 625
126 58 654
128 51 655
130 52 656
126 54 657
126 59 658
132 57 658
132 58 659
23 122 660
24 122 660
24 123 662
25 122 662
25 123 663
26 122 664
26 123 665
28 122 666
28 123 668
29 122 674
29 123 679
30 122 681
30 123 683
31 123 683
127 48 684
127 49 685
125 57 685
125 58 686
132 56 686
23 123 687
31 122 687
127 47 687
126 51 688
126 52 688
126 53 689
130 51 689
125 56 689
132 59 689
30 125 690
128 61 690
116 95 691
117 95 691
29 125 692
31 125 692
98 8 692
127 46 693
128 50 693
125 54 694
125 59 694
127 61 695
128 62 695
133 57 696
133 58 696
116 94 697
117 94 698
23 120 699
24 120 700
32 123 705
33 123 715
98 7 718
128 48 719
128 49 720
125 51 721
125 52 722
125 53 724
130 61 725
127 62 726
132 54 728
133 56 729
114 95 731
116 97 734
117 97 736
116 99 738
22 120 739
22 122 740
25 120 741
32 122 741
33 122 742
128 47 742
130 62 743
133 59 743
114 94 744
114 99 744
117 99 744
88 34 745
89 34 745
90 34 745
89 35 746
90 35 746
21 120 747
21 122 747
26 120 748
28 125 748
32 125 749
33 125 750
98 6 751
126 46 752
126 47 752
126 48 754
126 49 756
112 95 756
112 96 757
114 97 758
112 99 759
113 99 760
116 100 761
118 95 761
118 97 762
118 99 763
132 52 764
132 53 765
16 22 765
91 34 766
88 35 767
91 35 768
20 120 768
20 122 769
22 123 770
34 123 771
97 8 772
99 7 773
99 8 774
128 46 776
124 57 777
124 58 779
133 54 780
128 63 781
112 94 783
113 97 785
114 100 788
117 100 789
16 24 791
15 22 792
16 21 793
81 16 794
88 32 794
89 32 795
90 32 796
19 120 796
19 122 796
21 123 797
28 120 798
26 125 798
34 122 799
97 7 799
99 6 800
125 48 800
125 49 801
127 45 801
130 50 801
124 56 802
126 61 803
132 60 803
132 61 803
127 63 803
128 64 803
116 93 804
117 93 804
112 97 804
112 100 805
113 100 805
118 94 805
118 100 805
119 95 805
119 97 805
119 99 806
132 51 806
133 52 806
133 53 807
128 39 807
14 26 807
14 25 807
15 24 807
16 23 808
14 22 808
15 21 808
80 16 808
82 16 808
87 32 809
91 32 809
18 120 809
18 122 810
20 123 810
29 120 810
25 125 810
30 127 811
34 125 811
35 123 811
33 120 811
18 85 811
92 13 811
93 13 812
96 13 812
97 13 812
97 12 813
98 12 813
98 11 813
98 10 813
98 5 814
103 37 814
104 37 814
126 45 814
132 62 815
130 63 815
127 64 816
115 67 816
115 68 816
114 68 817
102 72 817
102 73 818
101 73 818
116 92 819
111 95 819
111 96 819
122 99 820
123 99 820
123 100 821
124 100 821
125 100 821
127 100 822
128 100 822
129 100 823
129 101 823
130 101 824
69 114 825
68 114 826
69 113 827
68 113 828
67 109 829
67 108 829
127 34 830
127 38 830
128 38 831
127 39 831
128 65 831
128 66 832
127 66 832
14 27 832
15 26 833
15 25 833
14 24 833
15 23 833
14 21 834
16 19 834
80 15 835
81 15 835
83 16 836
90 29 836
86 33 837
89 37 837
90 37 837
17 120 838
17 122 838
19 123 838
30 120 839
24 125 839
29 127 840
31 127 840
35 122 840
32 120 841
34 120 841
19 85 841
17 85 841
18 83 842
17 83 842
92 14 842
96 12 842
98 13 843
97 11 843
96 8 843
97 6 843
99 5 844
102 37 844
103 38 844
104 38 844
126 43 845
126 44 845
127 44 845
128 44 846
128 45 846
124 51 846
124 52 847
124 53 847
124 54 847
130 49 848
123 57 848
123 58 849
126 62 849
130 64 850
116 67 850
114 67 851
116 68 851
102 71 852
101 72 853
114 93 855
117 92 857
111 94 858
111 99 859
119 94 861
119 100 862
122 100 863
124 99 864
128 101 864
68 112 865
65 109 865
65 108 866
67 107 866
65 107 867
65 106 867
133 51 868
139 22 868
124 33 868
125 33 869
125 34 869
126 33 869
126 34 870
127 33 870
127 37 871
128 37 871
130 39 871
127 65 871
128 67 872
127 67 872
53 28 872
54 28 873
14 28 873
15 27 873
16 26 873
16 25 874
14 23 874
15 19 874
17 17 874
80 14 875
81 14 875
82 15 875
81 18 876
81 19 876
81 20 876
89 29 876
90 30 877
91 29 877
86 34 877
88 37 877
21 118 877
22 118 878
16 120 878
16 122 879
18 123 879
31 120 879
30 128 880
35 125 880
35 120 880
24 88 881
20 85 881
19 83 881
18 82 882
17 82 883
91 14 884
91 13 885
92 15 886
93 14 886
96 11 886
97 10 887
96 7 888
101 37 888
102 38 889
103 39 889
104 39 890
127 43 890
128 43 890
130 48 891
123 56 891
124 59 892
132 63 892
117 67 892
117 68 893
115 70 893
114 70 894
107 72 894
106 72 895
101 71 895
100 73 896
112 89 896
112 90 897
114 92 898
111 97 900
111 100 901
122 97 902
123 97 904
125 99 904
127 101 905
130 100 906
129 102 907
130 102 908
68 111 908
67 112 909
67 111 909
67 106 910
64 107 911
64 106 912
135 52 912
143 16 913
143 17 913
124 32 914
129 34 914
130 38 915
128 40 915
130 65 915
130 66 916
128 68 916
127 68 917
112 101 918
11 98 918
11 99 918
15 28 919
16 27 919
14 19 919
16 17 919
82 14 920
83 15 920
82 18 920
83 18 920
82 19 921
83 19 921
82 20 921
83 20 921
89 30 921
91 30 922
92 27 922
92 29 922
85 33 922
86 35 923
91 37 923
34 107 923
34 108 923
34 109 924
33 107 924
33 108 924
33 109 924
21 117 924
20 118 925
22 117 925
15 120 925
15 122 926
17 123 926
23 125 926
29 128 926
31 128 926
25 88 927
23 88 927
20 83 927
19 82 927
16 82 928
91 15 928
92 16 928
93 15 928
93 12 929
96 10 929
101 38 929
102 39 929
125 38 930
125 39 930
125 40 930
125 43 931
125 44 931
126 38 931
126 39 932
128 42 932
123 51 932
123 52 933
123 53 933
130 47 933
133 60 933
133 61 934
134 57 934
134 58 935
116 70 935
107 73 935
106 73 935
105 72 936
100 72 936
111 89 936
111 90 937
112 88 937
112 93 937
124 97 937
127 99 938
128 102 938
82 144 939
79 138 939
