17 310 0
17 311 0
17 309 831
250 163 980
17 308 1070
250 162 1159
15 311 1219
15 310 1264
248 163 1285
250 165 1302
15 329 1325
15 328 1336
15 309 1355
17 306 1363
248 162 1374
247 163 1384
15 330 1389
14 329 1397
14 328 1406
15 326 1411
15 325 1417
15 324 1420
15 323 1426
15 322 1432
17 321 1438
15 321 1444
17 320 1448
15 320 1450
17 319 1455
15 319 1459
17 318 1462
15 308 1465
17 305 1467
247 162 1470
248 165 1475
250 167 1479
15 332 1481
15 331 1483
14 330 1487
14 327 1490
15 327 1492
14 326 1495
14 325 1498
15 318 1502
18 310 1506
18 309 1509
18 308 1511
18 306 1512
18 305 1515
17 304 1518
18 304 1520
247 165 1521
16 333 1525
14 332 1530
14 331 1535
14 324 1537
17 317 1539
15 306 1541
246 165 1542
248 167 1545
250 168 1547
251 163 1549
251 165 1551
251 167 1553
16 334 1557
15 333 1563
14 323 1565
14 322 1567
15 317 1569
17 316 1570
15 316 1572
17 315 1573
15 315 1575
17 314 1577
15 314 1579
17 313 1580
15 313 1581
17 312 1584
15 312 1587
18 311 1592
20 310 1595
20 309 1596
20 308 1597
20 306 1599
20 305 1599
15 305 1601
20 304 1602
17 303 1603
18 303 1606
250 161 1607
245 163 1609
245 164 1610
247 167 1612
251 162 1614
251 168 1616
14 338 1619
14 337 1623
16 335 1624
15 334 1625
14 333 1626
19 329 1628
20 329 1628
19 328 1630
14 321 1630
15 304 1631
88 31 1632
248 161 1634
245 162 1635
246 167 1637
248 168 1637
252 163 1639
252 165 1641
252 167 1641
199 343 1643
200 343 1645
375 407 1648
375 406 1652
374 406 1653
14 339 1654
15 338 1655
15 337 1657
16 336 1658
15 335 1659
14 334 1660
19 330 1660
20 330 1661
18 329 1662
18 328 1663
20 328 1664
14 320 1665
20 311 1666
14 311 1667
14 310 1669
20 303 1670
89 31 1672
87 31 1673
248 160 1676
247 161 1679
250 160 1682
245 165 1683
247 168 1684
252 162 1686
252 168 1687
199 342 1687
200 342 1688
201 343 1689
78 266 1690
77 266 1691
461 31 1692
353 97 1692
381 459 1693
381 460 1694
376 407 1695
374 407 1697
376 406 1698
282 424 1699
14 340 1700
15 339 1702
16 338 1703
16 337 1705
15 336 1707
14 335 1710
19 331 1712
20 331 1713
18 330 1714
14 319 1715
14 309 1716
15 303 1717
89 32 1718
88 32 1719
86 31 1720
247 160 1720
246 168 1721
199 341 1722
200 341 1722
201 342 1724
202 343 1724
160 404 1725
160 405 1726
78 267 1727
77 267 1728
79 266 1730
78 265 1730
77 265 1732
252 342 1733
347 136 1735
348 136 1736
349 136 1737
346 134 1740
347 134 1741
348 134 1742
349 134 1743
346 132 1744
347 132 1745
348 132 1746
349 132 1747
347 131 1747
348 131 1748
349 131 1749
353 98 1749
353 96 1750
472 208 1751
472 209 1752
472 218 1752
472 219 1753
424 405 1754
382 459 1754
381 458 1755
382 460 1756
380 459 1757
380 460 1758
377 407 1759
377 406 1760
15 340 1762
16 339 1762
14 336 1764
18 331 1765
14 308 1766
87 32 1767
245 167 1769
166 261 1770
167 261 1771
166 262 1772
167 262 1773
201 341 1774
202 342 1775
79 267 1776
80 266 1776
79 265 1777
461 32 1778
461 30 1779
462 31 1779
251 342 1780
253 342 1781
350 136 1781
346 131 1782
354 98 1782
354 97 1783
471 208 1783
471 209 1784
472 207 1785
471 218 1786
471 219 1787
472 220 1787
423 405 1788
425 405 1789
382 458 1789
381 457 1790
380 458 1792
375 405 1793
374 405 1794
283 424 1795
281 424 1796
282 425 1797
14 342 1798
16 340 1800
19 333 1802
20 333 1803
18 326 1805
19 326 1806
18 325 1807
19 325 1808
18 324 1809
19 324 1810
18 323 1810
19 323 1811
18 321 1812
18 320 1812
18 319 1813
14 318 1814
18 318 1815
18 278 1815
20 278 1816
18 277 1817
20 277 1818
86 32 1818
84 31 1819
248 136 1820
248 137 1821
250 136 1822
250 137 1823
253 163 1824
253 165 1825
253 167 1826
175 341 1827
176 341 1829
202 341 1830
204 343 1832
160 403 1833
159 404 1835
159 405 1836
160 406 1837
80 267 1838
80 265 1838
462 32 1839
462 30 1839
80 477 1840
81 477 1841
250 342 1841
347 137 1842
348 137 1843
349 137 1843
351 132 1844
351 131 1845
353 95 1845
354 96 1845
471 207 1846
472 206 1847
474 208 1848
474 209 1848
474 218 1849
474 219 1850
471 220 1850
472 221 1852
426 405 1853
382 457 1854
380 457 1854
379 407 1855
379 406 1856
376 405 1857
283 425 1858
281 425 1859
12 338 1860
12 339 1861
12 340 1862
14 343 1863
15 342 1864
19 334 1865
20 334 1866
18 333 1867
18 327 1868
19 327 1869
18 317 1869
14 317 1870
14 316 1870
14 315 1871
14 314 1872
14 313 1872
14 312 1872
14 306 1873
17 302 1874
18 302 1874
17 278 1875
17 277 1876
18 276 1876
20 276 1877
88 30 1877
87 30 1878
83 31 1879
86 30 1879
248 135 1880
247 136 1881
250 135 1882
247 137 1883
247 159 1884
248 159 1885
245 161 1885
245 168 1886
251 161 1887
253 162 1888
253 168 1889
168 261 1890
168 262 1892
174 341 1893
175 342 1894
176 342 1895
198 341 1896
198 342 1897
198 343 1898
204 342 1898
205 343 1899
183 404 1899
182 404 1900
159 403 1900
159 406 1901
82 266 1901
76 266 1902
78 262 1902
76 265 1903
77 262 1903
460 31 1904
463 31 1904
80 476 1905
81 476 1906
82 477 1906
80 479 1907
250 341 1908
251 341 1908
252 341 1908
350 137 1909
347 130 1910
348 130 1911
352 132 1911
349 130 1912
352 131 1913
352 97 1914
354 95 1915
471 206 1915
474 207 1916
472 217 1917
474 220 1917
471 221 1918
381 455 1919
377 459 1920
377 460 1921
380 407 1922
380 406 1923
377 405 1923
373 406 1924
282 423 1925
282 426 1926
10 338 1927
10 339 1928
10 340 1928
10 342 1929
10 343 1930
10 344 1930
11 338 1931
11 339 1931
11 340 1932
11 342 1932
11 343 1933
11 344 1933
12 342 1934
12 343 1935
12 344 1935
14 344 1936
15 343 1936
16 342 1937
19 335 1938
20 335 1938
18 334 1939
20 326 1940
20 325 1940
20 324 1941
20 323 1942
20 322 1943
20 321 1944
20 320 1944
20 319 1945
20 318 1946
18 316 1946
18 315 1947
18 314 1948
18 313 1949
18 312 1950
21 310 1950
22 310 1952
21 309 1952
22 309 1953
21 308 1954
22 308 1954
21 306 1956
22 306 1956
21 305 1957
22 305 1958
21 304 1958
22 304 1958
14 305 1959
17 301 1959
18 301 1960
17 300 1960
18 300 1961
17 299 1961
18 299 1961
17 298 1962
18 298 1962
17 297 1962
18 297 1963
17 296 1963
18 296 1964
17 295 1964
18 295 1964
17 294 1965
18 294 1966
17 293 1966
18 293 1967
17 292 1967
18 292 1968
17 291 1969
18 291 1969
17 290 1970
18 290 1970
17 289 1971
18 289 1972
17 288 1973
18 288 1973
17 287 1974
18 287 1974
17 286 1975
18 286 1975
17 285 1976
18 285 1977
17 284 1977
18 284 1978
17 283 1978
18 283 1979
17 282 1980
18 282 1980
17 281 1981
